0.0080837490 0.0 0.06442250
0.0080837490 0.0 0.06442250
0.0080837490 0.0 0.06442250
0.0080837490 0.0 0.06442250
0.0080837490 0.0 0.06442250
0.0080837490 0.0 0.06442250
0.0080837490 0.0 0.06442250
0.0080837490 0.0 0.06442250
0.0080837490 0.0 0.06442250
0.0080837490 0.0 0.06442250
0.0080837490 0.0 0.06442250
0.0080837490 0.0 0.06442250
0.0080837490 0.0 0.06442250
0.0080837490 0.0 0.06442250
0.0080837490 0.0 0.06442250
0.0080837490 0.0 0.06442250
0.0080837490 0.0 0.06442250
0.0080837490 0.0 0.06442250
0.0080837490 0.0 0.06442250
0.0080837490 0.0 0.06442250
0.0080837490 0.0 0.06442250
0.0080837490 0.0 0.06442250
0.0080837490 0.0 0.06442250
0.0080837490 0.0 0.06442250
0.0080837490 0.0 0.06442250
0.0080837490 0.0 0.06442250
0.0080837490 0.0 0.06442250
0.0080837490 0.0 0.06442250
0.0080837490 0.0 0.06442250
0.0080837490 0.0 0.06442250
0.0080837490 0.0 0.06442250
0.0080837490 0.0 0.06442250
0.0080837490 0.0 0.06442250
0.0080837490 0.0 0.06442250
0.0080837490 0.0 0.06442250
0.0080837490 0.0 0.06442250
0.0080837490 0.0 0.06442250
0.0020175730 0.0 0.13274990
0.015000860 0.0 0.1293110
0.027952060 0.0 0.12750260
0.040160210 0.0 0.1192480
0.050887220 0.0 0.11037570
0.06239910 0.0 0.097344170
0.070173470 0.0 0.087870050
0.073646960 0.0 0.074381420
0.07663340 0.0 0.06086560
0.077616590 0.0 0.048369140
0.075282720 0.0 0.032001090
0.071441760 0.0 0.0196360
0.065675580 0.0 0.0085655980
0.058280850 0.0 -0.0015373260
0.047162210 0.0 -0.012698420
0.036920630 0.0 -0.019264690
0.025241350 0.0 -0.026228670
0.013383840 0.0 -0.028987260
0.0016092580 0.0 -0.027918510
-0.013383710 0.0 -0.028987260
-0.025241240 0.0 -0.026228670
-0.03692050 0.0 -0.019264690
-0.047162090 0.0 -0.012698420
-0.058280740 0.0 -0.0015373260
-0.065675470 0.0 0.0085655980
-0.071441670 0.0 0.0196360
-0.075282620 0.0 0.032001090
-0.077616480 0.0 0.048369140
-0.076633270 0.0 0.06086560
-0.073646870 0.0 0.074381420
-0.070173250 0.0 0.087870050
-0.061493740 0.0 0.097745310
-0.05088710 0.0 0.11037570
-0.04016010 0.0 0.1192480
-0.027951850 0.0 0.12750270
-0.01500080 0.0 0.1293110
-0.0038428330 0.0 0.22531280
0.0355550 0.0 0.21939960
0.065628660 0.0 0.21152970
0.0925990 0.0 0.19449150
0.11681120 0.0 0.17449010
0.14166240 0.0 0.14303030
0.15663150 0.0 0.11553910
0.1645650 0.0 0.085922340
0.16972590 0.0 0.057413690
0.16903380 0.0 0.02770670
0.16105060 0.0 -0.0080122770
0.15130110 0.0 -0.033335950
0.13774770 0.0 -0.056303650
0.1220270 0.0 -0.075119730
0.096211530 0.0 -0.096775520
0.074701670 0.0 -0.10965140
0.052164690 0.0 -0.11890450
0.028152590 0.0 -0.12468960
0.0034725860 0.0 -0.12609380
-0.028152480 0.0 -0.12468960
-0.052164580 0.0 -0.11890450
-0.074701560 0.0 -0.10965140
-0.096211420 0.0 -0.096775520
-0.12202690 0.0 -0.075119690
-0.13774760 0.0 -0.056303650
-0.1513010 0.0 -0.033335910
-0.16105050 0.0 -0.0080123180
-0.16903380 0.0 0.027706620
-0.16972570 0.0 0.057413770
-0.16456490 0.0 0.085922340
-0.15663140 0.0 0.11553910
-0.14166230 0.0 0.14303030
-0.11681090 0.0 0.17449030
-0.092598940 0.0 0.19449150
-0.065628550 0.0 0.21152970
-0.035554770 0.0 0.21939960
0.0077254630 0.0 0.31508910
0.059972160 0.0 0.30762280
0.10740280 0.0 0.28760140
0.15166780 0.0 0.26155820
0.18859840 0.0 0.22479860
0.22735990 0.0 0.17103620
0.24522570 0.0 0.12606880
0.257060 0.0 0.079748030
0.2607040 0.0 0.033768990
0.2539690 0.0 -0.020372620
0.244110 0.0 -0.060290910
0.22587540 0.0 -0.096561310
0.20382120 0.0 -0.12930150
0.17980450 0.0 -0.15606310
0.14212860 0.0 -0.18538830
0.10996610 0.0 -0.20251490
0.075172130 0.0 -0.21473730
0.041355070 0.0 -0.22284090
0.0047829850 0.0 -0.22507040
-0.041391280 0.0 -0.22257290
-0.075172010 0.0 -0.21473730
-0.1099660 0.0 -0.20251480
-0.14212850 0.0 -0.18538830
-0.17980440 0.0 -0.1560630
-0.20382110 0.0 -0.12930150
-0.22587530 0.0 -0.096561270
-0.24410990 0.0 -0.060290910
-0.25396880 0.0 -0.020372540
-0.26070380 0.0 0.033769070
-0.25705990 0.0 0.079748120
-0.24522550 0.0 0.12606890
-0.22735970 0.0 0.17103620
-0.18859830 0.0 0.22479850
-0.15166760 0.0 0.26155820
-0.10740270 0.0 0.28760140
-0.059971930 0.0 0.30762280
0.010807050 0.0 0.4021450
0.085836090 0.0 0.38896580
0.1553430 0.0 0.36026470
0.217630 0.0 0.316710
0.26773240 0.0 0.26318050
0.316260 0.0 0.18348770
0.33912120 0.0 0.11961780
0.34908540 0.0 0.056474060
0.35168420 0.0 -0.004758170
0.33852040 0.0 -0.075736480
0.31983970 0.0 -0.12665590
0.29429160 0.0 -0.17214250
0.26422270 0.0 -0.21035390
0.23013050 0.0 -0.24324030
0.1798180 0.0 -0.27689170
0.13849930 0.0 -0.29760360
0.095603530 0.0 -0.31155980
0.050925140 0.0 -0.32032070
0.0063816610 0.0 -0.32433350
-0.050925030 0.0 -0.32032080
-0.095603410 0.0 -0.31155980
-0.13849920 0.0 -0.29760360
-0.17981790 0.0 -0.27689170
-0.23013040 0.0 -0.24324030
-0.26422260 0.0 -0.2103540
-0.29429150 0.0 -0.17214240
-0.31983960 0.0 -0.12665580
-0.33852030 0.0 -0.07573640
-0.3516840 0.0 -0.0047580870
-0.34908520 0.0 0.056474140
-0.3391210 0.0 0.11961790
-0.31625980 0.0 0.18348780
-0.26773230 0.0 0.26318050
-0.21762980 0.0 0.31671010
-0.15534280 0.0 0.36026470
-0.085835760 0.0 0.38896580
-0.014288760 0.0 0.48372560
0.11807030 0.0 0.4672040
0.21100220 0.0 0.42464910
0.29209880 0.0 0.35973370
0.35416550 0.0 0.2840980
0.41009340 0.0 0.17738020
0.43314690 0.0 0.092826490
0.4406680 0.0 0.014835060
0.4362360 0.0 -0.060885510
0.41606090 0.0 -0.14545450
0.38897970 0.0 -0.2053160
0.35657280 0.0 -0.25432630
0.31753120 0.0 -0.29769480
0.27548860 0.0 -0.3353530
0.21417060 0.0 -0.37230730
0.16412490 0.0 -0.39390330
0.11381380 0.0 -0.40988010
0.060841880 0.0 -0.42052250
0.0074903970 0.0 -0.42246860
-0.060841780 0.0 -0.42052250
-0.11381370 0.0 -0.40988010
-0.16412480 0.0 -0.39390320
-0.21417050 0.0 -0.37230720
-0.27548860 0.0 -0.3353530
-0.31753110 0.0 -0.29769480
-0.35657270 0.0 -0.25432630
-0.38897970 0.0 -0.20531590
-0.42205020 0.0 -0.12789130
-0.43623580 0.0 -0.060885510
-0.44066790 0.0 0.014835060
-0.43314680 0.0 0.092826490
-0.41009330 0.0 0.17738020
-0.35416530 0.0 0.28409810
-0.29209870 0.0 0.35973370
-0.21100210 0.0 0.42464920
-0.11807020 0.0 0.4672040
-0.018250170 0.0 0.56527120
0.15450260 0.0 0.53964460
0.27581950 0.0 0.47769220
0.37365530 0.0 0.38954730
0.44841240 0.0 0.28659110
0.50677760 0.0 0.1483840
0.52626030 0.0 0.047189280
0.52994720 0.0 -0.04676260
0.5184840 0.0 -0.1328710
0.49541760 0.0 -0.21035390
0.45347960 0.0 -0.29298920
0.41201880 0.0 -0.34591550
0.36487570 0.0 -0.39417280
0.31365810 0.0 -0.42989850
0.24498390 0.0 -0.4696940
0.18730850 0.0 -0.49077550
0.1290410 0.0 -0.50808980
0.068379610 0.0 -0.51810870
0.0082122480 0.0 -0.52055380
-0.068379510 0.0 -0.51810860
-0.1290410 0.0 -0.50808980
-0.18730840 0.0 -0.49077560
-0.24498380 0.0 -0.4696940
-0.3136580 0.0 -0.42989850
-0.36487560 0.0 -0.39417280
-0.41201870 0.0 -0.34591540
-0.45347950 0.0 -0.29298920
-0.49541750 0.0 -0.2103540
-0.51848390 0.0 -0.1328710
-0.5299470 0.0 -0.046762650
-0.52626020 0.0 0.047189440
-0.50677740 0.0 0.14838420
-0.44841220 0.0 0.28659130
-0.37365520 0.0 0.38954740
-0.27581950 0.0 0.47769220
-0.15450230 0.0 0.53964480
0.021971410 0.0 0.61956670
0.1822490 0.0 0.58644380
0.32315140 0.0 0.50740270
0.43569040 0.0 0.39791520
0.51675250 0.0 0.27353260
0.57385770 0.0 0.11656910
0.589940 0.0 0.0038872180
0.58824860 0.0 -0.10316050
0.57051190 0.0 -0.1918790
0.54145010 0.0 -0.27359610
0.49266420 0.0 -0.3591110
0.44394030 0.0 -0.41178560
0.39280810 0.0 -0.46081660
0.33687920 0.0 -0.4990080
0.26144160 0.0 -0.53592980
0.20019880 0.0 -0.55823160
0.13717390 0.0 -0.57387260
0.073423750 0.0 -0.58420750
0.0089011060 0.0 -0.58864130
-0.073423650 0.0 -0.58420750
-0.13717380 0.0 -0.57387250
-0.20019870 0.0 -0.55823160
-0.26144150 0.0 -0.53592970
-0.33687910 0.0 -0.49900790
-0.3928080 0.0 -0.46081660
-0.44394010 0.0 -0.41178550
-0.4926640 0.0 -0.3591110
-0.54145010 0.0 -0.27359610
-0.57051180 0.0 -0.1918790
-0.58824850 0.0 -0.10316030
-0.589940 0.0 0.0038873840
-0.57385750 0.0 0.11656930
-0.51675220 0.0 0.27353280
-0.43569020 0.0 0.39791530
-0.32315110 0.0 0.5074030
-0.18224890 0.0 0.58644380
-0.026731980 0.0 0.69831280
0.23370190 0.0 0.64809890
0.40761880 0.0 0.53669490
0.53633660 0.0 0.38945890
0.61975250 0.0 0.23329350
0.67149220 0.0 0.047375020
0.67893840 0.0 -0.082169120
0.66783920 0.0 -0.19737920
0.63976420 0.0 -0.29342250
0.59102580 0.0 -0.39279990
0.54147530 0.0 -0.459880
0.48733290 0.0 -0.51363880
0.42791110 0.0 -0.5587620
0.36598210 0.0 -0.59778270
0.28290040 0.0 -0.63388720
0.21654970 0.0 -0.65678170
0.14771810 0.0 -0.66997670
0.079013790 0.0 -0.68067650
0.0083575780 0.0 -0.68401990
-0.079013710 0.0 -0.68067650
-0.1477180 0.0 -0.66997680
-0.21654960 0.0 -0.65678170
-0.28290030 0.0 -0.63388720
-0.3659820 0.0 -0.59778270
-0.4279110 0.0 -0.55876210
-0.48733280 0.0 -0.51363870
-0.54147520 0.0 -0.45987990
-0.59102570 0.0 -0.39280
-0.63976410 0.0 -0.29342230
-0.6678390 0.0 -0.19737920
-0.67893820 0.0 -0.082169410
-0.67149220 0.0 0.047374810
-0.61975230 0.0 0.23329350
-0.53633640 0.0 0.38945890
-0.40761870 0.0 0.53669490
-0.23370160 0.0 0.64809890
-0.031076010 0.0 0.74981120
0.27545030 0.0 0.68666820
0.4742750 0.0 0.54445730
0.61451640 0.0 0.36507870
0.69835540 0.0 0.18231460
0.73906470 0.0 -0.016950010
0.73844330 0.0 -0.15291890
0.71811620 0.0 -0.27087220
0.68369870 0.0 -0.36652810
0.62592370 0.0 -0.46797060
0.57138170 0.0 -0.53162840
0.51179840 0.0 -0.58492820
0.44847290 0.0 -0.63030360
0.38207550 0.0 -0.66545120
0.29567880 0.0 -0.70200760
0.22636180 0.0 -0.72275390
0.15437960 0.0 -0.73728280
0.08180060 0.0 -0.74686680
0.009510340 0.0 -0.74935310
-0.081800490 0.0 -0.74686680
-0.15437950 0.0 -0.73728280
-0.22636170 0.0 -0.7227540
-0.29567860 0.0 -0.70200770
-0.38207540 0.0 -0.66545120
-0.44847270 0.0 -0.63030360
-0.51179830 0.0 -0.58492820
-0.57138160 0.0 -0.53162840
-0.62592370 0.0 -0.46797050
-0.68369870 0.0 -0.36652810
-0.7181160 0.0 -0.27087210
-0.73844310 0.0 -0.15291890
-0.73906450 0.0 -0.016949760
-0.69835530 0.0 0.18231460
-0.61451620 0.0 0.36507890
-0.47427490 0.0 0.54445730
-0.27545010 0.0 0.68666820
0.035915440 0.0 0.80670850
0.32977780 0.0 0.71988870
0.55415020 0.0 0.53667620
0.69973290 0.0 0.31877590
0.77526960 0.0 0.11414310
0.80363030 0.0 -0.095512840
0.79423090 0.0 -0.24121980
0.76448820 0.0 -0.35469060
0.72301290 0.0 -0.4531550
0.65753220 0.0 -0.54636440
0.59892460 0.0 -0.6107590
0.53366860 0.0 -0.66303030
0.4660670 0.0 -0.70373260
0.39698850 0.0 -0.73620990
0.30764870 0.0 -0.76918270
0.23436820 0.0 -0.78923450
0.15910330 0.0 -0.80220750
0.084073150 0.0 -0.81022390
0.0088861780 0.0 -0.81474950
-0.084073040 0.0 -0.81022390
-0.15910320 0.0 -0.80220750
-0.23436810 0.0 -0.78923450
-0.30764860 0.0 -0.76918270
-0.39698840 0.0 -0.73620980
-0.46606680 0.0 -0.70373260
-0.53366850 0.0 -0.66303010
-0.59892460 0.0 -0.61075880
-0.6575320 0.0 -0.54636440
-0.72301290 0.0 -0.45315490
-0.76448810 0.0 -0.35469070
-0.79423070 0.0 -0.24121980
-0.80363020 0.0 -0.09551260
-0.77526940 0.0 0.11414310
-0.69973280 0.0 0.31877590
-0.554150 0.0 0.53667630
-0.32977780 0.0 0.71988860
-0.045366830 0.0 0.8904650
0.42656610 0.0 0.75523560
0.68803860 0.0 0.49144240
0.82928860 0.0 0.21342690
0.88797090 0.0 -0.019276260
0.89153950 0.0 -0.23922490
0.86593090 0.0 -0.37954480
0.82144290 0.0 -0.48620960
0.7689140 0.0 -0.57563820
0.70900170 0.0 -0.65159130
0.62899710 0.0 -0.72248760
0.55827460 0.0 -0.76920940
0.48704850 0.0 -0.8062090
0.41099610 0.0 -0.83649590
0.32031910 0.0 -0.86466740
0.24317580 0.0 -0.88201740
0.16554980 0.0 -0.89466540
0.086270150 0.0 -0.90116210
0.0081659710 0.0 -0.90465160
-0.086270060 0.0 -0.90116210
-0.16554970 0.0 -0.89466540
-0.24317570 0.0 -0.88201740
-0.3203190 0.0 -0.86466730
-0.4109960 0.0 -0.8364960
-0.48704840 0.0 -0.8062090
-0.55827460 0.0 -0.76920930
-0.6289970 0.0 -0.72248770
-0.70900150 0.0 -0.65159120
-0.7689140 0.0 -0.57563820
-0.82144280 0.0 -0.48620940
-0.86593070 0.0 -0.37954460
-0.89153930 0.0 -0.23922490
-0.88797080 0.0 -0.019275930
-0.82928840 0.0 0.21342690
-0.68803830 0.0 0.49144270
-0.4265660 0.0 0.75523540
0.055037830 0.0 0.95774840
0.5248620 0.0 0.76019640
0.80380380 0.0 0.41727550
0.92703150 0.0 0.10096010
0.96220250 0.0 -0.14176170
0.94708590 0.0 -0.35808570
0.90719770 0.0 -0.49040020
0.8556730 0.0 -0.59255240
0.79555740 0.0 -0.67543970
0.71608180 0.0 -0.75184670
0.64440140 0.0 -0.80216650
0.57190960 0.0 -0.84416260
0.49710540 0.0 -0.88048390
0.41908190 0.0 -0.90720190
0.32519010 0.0 -0.93263920
0.24725330 0.0 -0.94634040
0.16884270 0.0 -0.95925810
0.087316830 0.0 -0.96450670
0.0089025060 0.0 -0.96727450
-0.087316820 0.0 -0.96450670
-0.16884260 0.0 -0.95925810
-0.24725310 0.0 -0.94634040
-0.325190 0.0 -0.93263920
-0.41908170 0.0 -0.90720190
-0.49710530 0.0 -0.88048390
-0.57190950 0.0 -0.84416260
-0.64440140 0.0 -0.80216640
-0.71608170 0.0 -0.75184660
-0.79555730 0.0 -0.67543980
-0.85567280 0.0 -0.59255240
-0.90719750 0.0 -0.49040030
-0.94708580 0.0 -0.35808560
-0.96220250 0.0 -0.14176150
-0.92703130 0.0 0.10096040
-0.80380360 0.0 0.41727580
-0.52486170 0.0 0.76019680
0.067766920 0.0 1.0
0.58687620 0.0 0.75697230
0.8699720 0.0 0.3644930
0.97976180 0.0 0.026455770
1.0 0.0 -0.21682980
0.97269290 0.0 -0.42609790
0.92857620 0.0 -0.54757350
0.8704890 0.0 -0.64889330
0.80753240 0.0 -0.72525360
0.738850 0.0 -0.7872660
0.65215610 0.0 -0.84491510
0.5763850 0.0 -0.88470830
0.50177760 0.0 -0.91703780
0.42519630 0.0 -0.94270610
0.3307840 0.0 -0.96630050
0.24803990 0.0 -0.9821270
0.16837630 0.0 -0.99100270
0.088732940 0.0 -0.99729470
0.0069651980 0.0 -1.0
-0.088732760 0.0 -0.99729470
-0.16837610 0.0 -0.99100270
-0.24803990 0.0 -0.9821270
-0.33078390 0.0 -0.96630050
-0.42519610 0.0 -0.94270610
-0.50177750 0.0 -0.91703780
-0.57638480 0.0 -0.88470830
-0.65215590 0.0 -0.84491520
-0.73884990 0.0 -0.7872660
-0.80753240 0.0 -0.72525360
-0.8704890 0.0 -0.64889340
-0.92857610 0.0 -0.54757350
-0.97269280 0.0 -0.42609790
-1.0 0.0 -0.21682960
-0.97976170 0.0 0.02645610
-0.86997180 0.0 0.3644930
-0.58687620 0.0 0.75697230
0.067766920 0.0 1.0
0.57708430 0.0 0.76624310
0.8699720 0.0 0.3644930
0.97976180 0.0 0.026455770
1.0 0.0 -0.21682980
0.97269290 0.0 -0.42609790
0.92857620 0.0 -0.54757350
0.8704890 0.0 -0.64889330
0.80753240 0.0 -0.72525360
0.738850 0.0 -0.7872660
0.65709320 0.0 -0.84365220
0.5763850 0.0 -0.88470830
0.50177760 0.0 -0.91703780
0.42519630 0.0 -0.94270610
0.3307840 0.0 -0.96630050
0.24803990 0.0 -0.9821270
0.16607950 0.0 -0.99208560
0.08410230 0.0 -0.99841390
0.0069651980 0.0 -1.0
-0.084102220 0.0 -0.99841390
-0.16607940 0.0 -0.99208560
-0.24803990 0.0 -0.9821270
-0.33078390 0.0 -0.96630050
-0.42519610 0.0 -0.94270610
-0.50177750 0.0 -0.91703780
-0.57638480 0.0 -0.88470830
-0.6570930 0.0 -0.84365230
-0.73884990 0.0 -0.7872660
-0.80753240 0.0 -0.72525360
-0.8704890 0.0 -0.64889340
-0.92857610 0.0 -0.54757350
-0.97269280 0.0 -0.42609790
-1.0 0.0 -0.21682960
-0.97976170 0.0 0.02645610
-0.86997180 0.0 0.3644930
-0.57708420 0.0 0.7662430
0.067766920 0.0 1.0
0.57708430 0.0 0.76624310
0.8699720 0.0 0.3644930
0.97976180 0.0 0.026455770
1.0 0.0 -0.21682980
0.97269290 0.0 -0.42609790
0.92857620 0.0 -0.54757350
0.8704890 0.0 -0.64889330
0.80753240 0.0 -0.72525360
0.72724830 0.0 -0.79637210
0.65709320 0.0 -0.84365220
0.58468070 0.0 -0.88221940
0.50177760 0.0 -0.91703780
0.42519630 0.0 -0.94270610
0.3307840 0.0 -0.96630050
0.24803990 0.0 -0.9821270
0.16607950 0.0 -0.99208560
0.081784640 0.0 -0.9989510
0.0069651980 0.0 -1.0
-0.081784560 0.0 -0.9989510
-0.16607940 0.0 -0.99208560
-0.24803990 0.0 -0.9821270
-0.33078390 0.0 -0.96630050
-0.42519610 0.0 -0.94270610
-0.50177750 0.0 -0.91703780
-0.58468060 0.0 -0.88221950
-0.6570930 0.0 -0.84365230
-0.72724820 0.0 -0.79637210
-0.80753240 0.0 -0.72525360
-0.8704890 0.0 -0.64889340
-0.92857610 0.0 -0.54757350
-0.97269280 0.0 -0.42609790
-1.0 0.0 -0.21682960
-0.97976170 0.0 0.02645610
-0.86997180 0.0 0.3644930
-0.57708420 0.0 0.7662430
0.067766920 0.0 1.0
0.57708430 0.0 0.76624310
0.8699720 0.0 0.3644930
0.97976180 0.0 0.026455770
0.99954330 0.0 -0.25567670
0.97269290 0.0 -0.42609790
0.92857620 0.0 -0.54757350
0.86745670 0.0 -0.65363940
0.80753240 0.0 -0.72525360
0.72724830 0.0 -0.79637210
0.65709320 0.0 -0.84365220
0.58468070 0.0 -0.88221940
0.50177760 0.0 -0.91703780
0.42854910 0.0 -0.94200090
0.3307840 0.0 -0.96630050
0.24803990 0.0 -0.9821270
0.16607950 0.0 -0.99208560
0.081784640 0.0 -0.9989510
0.0069651980 0.0 -1.0
-0.081784560 0.0 -0.9989510
-0.16607940 0.0 -0.99208560
-0.24803990 0.0 -0.9821270
-0.33078390 0.0 -0.96630050
-0.4285490 0.0 -0.94200090
-0.50177750 0.0 -0.91703780
-0.58468060 0.0 -0.88221950
-0.6570930 0.0 -0.84365230
-0.72724820 0.0 -0.79637210
-0.80753240 0.0 -0.72525360
-0.86745640 0.0 -0.65363950
-0.92857610 0.0 -0.54757350
-0.97269280 0.0 -0.42609790
-0.99954310 0.0 -0.25567670
-0.97976170 0.0 0.02645610
-0.86997180 0.0 0.3644930
-0.57708420 0.0 0.7662430
0.067766920 0.0 1.0
0.57708430 0.0 0.76624310
0.8699720 0.0 0.3644930
0.97976180 0.0 0.026455770
0.99954330 0.0 -0.25567670
0.97269290 0.0 -0.42609790
0.92857620 0.0 -0.54757350
0.86745670 0.0 -0.65363940
0.80753240 0.0 -0.72525360
0.72724830 0.0 -0.79637210
0.65709320 0.0 -0.84365220
0.58468070 0.0 -0.88221940
0.49836970 0.0 -0.91839750
0.42854910 0.0 -0.94200090
0.34270130 0.0 -0.96439050
0.24803990 0.0 -0.9821270
0.16607950 0.0 -0.99208560
0.081784640 0.0 -0.9989510
0.0069651980 0.0 -1.0
-0.081784560 0.0 -0.9989510
-0.16607940 0.0 -0.99208560
-0.24803990 0.0 -0.9821270
-0.34270130 0.0 -0.96439040
-0.4285490 0.0 -0.94200090
-0.49836950 0.0 -0.91839730
-0.58468060 0.0 -0.88221950
-0.6570930 0.0 -0.84365230
-0.72724820 0.0 -0.79637210
-0.80753240 0.0 -0.72525360
-0.86745640 0.0 -0.65363950
-0.92857610 0.0 -0.54757350
-0.97269280 0.0 -0.42609790
-0.99954310 0.0 -0.25567670
-0.97976170 0.0 0.02645610
-0.86997180 0.0 0.3644930
-0.57708420 0.0 0.7662430
18.0 36.0 649.0
